# Generated from kitty.conf

RESET 0

DIR 38;2;38;139;210
LINK 38;2;133;153;0
SOCK 01;38;2;220;50;47
FIFO 38;2;181;137;0
EXEC 01;38;2;220;50;47
BLK 38;2;181;137;0
CHR 38;2;42;161;152
ORPH 01;38;2;220;50;47
MISSING 01;38;2;220;50;47

.tar  01;38;2;181;137;0
.tgz  01;38;2;181;137;0
.zip  01;38;2;181;137;0
.rar  01;38;2;181;137;0
.7z   01;38;2;181;137;0
.gz   01;38;2;181;137;0

.jpg  38;2;38;139;210
.jpeg 38;2;38;139;210
.png  38;2;38;139;210
.gif  38;2;38;139;210
.svg  38;2;38;139;210

.mp3  38;2;133;153;0
.flac 38;2;133;153;0
.mp4 38;2;133;153;0
.mkv 38;2;133;153;0
.webm 38;2;133;153;0

.pdf  38;2;255;255;255
.doc  38;2;255;255;255
.docx 38;2;255;255;255
.odt  38;2;255;255;255
.txt  38;2;0;39;49
.md   38;2;0;39;49
