RESET 0
DIR 38;2;122;162;247
LINK 38;2;42;195;222
SOCK 01;38;2;187;154;247
FIFO 38;2;255;158;100
EXEC 01;38;2;247;118;142
BLK 38;2;255;158;100
CHR 38;2;125;207;255
ORPH 01;38;2;247;118;142
MISSING 01;38;2;247;118;142
.tar 01;38;2;255;158;100
.tgz 01;38;2;255;158;100
.zip 01;38;2;255;158;100
.rar 01;38;2;255;158;100
.7z 01;38;2;255;158;100
.gz 01;38;2;255;158;100
.jpg 38;2;122;162;247
.jpeg 38;2;122;162;247
.png 38;2;122;162;247
.gif 38;2;122;162;247
.svg 38;2;122;162;247
.mp3 38;2;42;195;222
.flac 38;2;42;195;222
.mp4 38;2;42;195;222
.mkv 38;2;42;195;222
.webm 38;2;42;195;222
.pdf 38;2;224;175;104
.doc 38;2;224;175;104
.docx 38;2;224;175;104
.odt 38;2;224;175;104
.txt 38;2;192;202;245
.md 38;2;192;202;245