# Generated from kitty.conf

RESET 0

DIR 38;2;111;143;163
LINK 38;2;138;154;123
SOCK 01;38;2;194;106;74
FIFO 38;2;194;164;106
EXEC 01;38;2;194;106;74
BLK 38;2;194;164;106
CHR 38;2;127;166;163
ORPH 01;38;2;194;106;74
MISSING 01;38;2;194;106;74

.tar  01;38;2;194;164;106
.tgz  01;38;2;194;164;106
.zip  01;38;2;194;164;106
.rar  01;38;2;194;164;106
.7z   01;38;2;194;164;106
.gz   01;38;2;194;164;106

.jpg  38;2;111;143;163
.jpeg 38;2;111;143;163
.png  38;2;111;143;163
.gif  38;2;111;143;163
.svg  38;2;111;143;163

.mp3  38;2;138;154;123
.flac 38;2;138;154;123
.mp4 38;2;138;154;123
.mkv 38;2;138;154;123
.webm 38;2;138;154;123

.pdf  38;2;255;255;255
.doc  38;2;255;255;255
.docx 38;2;255;255;255
.odt  38;2;255;255;255
.txt  38;2;58;53;47
.md   38;2;58;53;47
