
RESET 0
DIR 38;2;88;182;141
LINK 38;2;100;204;190
SOCK 01;38;2;164;144;235
FIFO 38;2;246;184;77
EXEC 01;38;2;232;93;117
BLK 38;2;246;184;77
CHR 38;2;134;199;101
ORPH 01;38;2;232;93;117
MISSING 01;38;2;232;93;117
.tar 01;38;2;246;184;77
.tgz 01;38;2;246;184;77
.zip 01;38;2;246;184;77
.rar 01;38;2;246;184;77
.7z 01;38;2;246;184;77
.gz 01;38;2;246;184;77
.jpg 38;2;88;182;141
.jpeg 38;2;88;182;141
.png 38;2;88;182;141
.gif 38;2;88;182;141
.svg 38;2;88;182;141
.mp3 38;2;100;204;190
.flac 38;2;100;204;190
.mp4 38;2;100;204;190
.mkv 38;2;100;204;190
.webm 38;2;100;204;190
.pdf 38;2;245;223;153
.doc 38;2;245;223;153
.docx 38;2;245;223;153
.odt 38;2;245;223;153
.txt 38;2;217;226;212
.md 38;2;217;226;212
