# ===================================================================
# Terminal filters
# ===================================================================
COLORTERM ?*
TERM *color*
TERM *direct*
TERM xterm*
TERM screen*
TERM tmux*
TERM rxvt*
TERM st
TERM linux
TERM konsole
TERM kitty
TERM foot
TERM gnome
TERM wezterm

# ===================================================================
# Basic file attributes
# ===================================================================

RESET 0


DIR 01;38;2;235;219;178
LINK 01;38;2;214;93;14
MULTIHARDLINK 00
FIFO 48;2;29;32;33;38;2;235;219;178
SOCK 01;38;2;235;219;178
DOOR 01;38;2;235;219;178
BLK  48;2;29;32;33;38;2;214;93;14;01
CHR  48;2;29;32;33;38;2;214;93;14;01
ORPHAN 48;2;29;32;33;38;2;204;36;29;01
MISSING 00
SETUID 38;2;235;219;178;48;2;204;36;29
SETGID 38;2;29;32;33;48;2;235;219;178
CAPABILITY 00
STICKY_OTHER_WRITABLE 38;2;29;32;33;48;2;214;93;14
OTHER_WRITABLE       38;2;235;219;178;48;2;214;93;14
STICKY               38;2;235;219;178;48;2;235;219;178
EXEC 01;38;2;184;187;38

# ===================================================================
# Archives & compressed
# ===================================================================
.7z   01;38;2;215;153;33
.ace  01;38;2;215;153;33
.apk  01;38;2;215;153;33
.bz   01;38;2;215;153;33
.bz2  01;38;2;215;153;33
.deb  01;38;2;215;153;33
.dmg  01;38;2;215;153;33
.gz   01;38;2;215;153;33
.iso  01;38;2;215;153;33
.jar  01;38;2;215;153;33
.rar  01;38;2;215;153;33
.rpm  01;38;2;215;153;33
.tar  01;38;2;215;153;33
.tgz  01;38;2;215;153;33
.txz  01;38;2;215;153;33
.xz   01;38;2;215;153;33
.zip  01;38;2;215;153;33
.zst  01;38;2;215;153;33

# ===================================================================
# Images & video 
# ===================================================================
.avif 01;38;2;204;36;29
.bmp  01;38;2;204;36;29
.gif  01;38;2;204;36;29
.jpg  01;38;2;204;36;29
.jpeg 01;38;2;204;36;29
.png  01;38;2;204;36;29
.svg  01;38;2;204;36;29
.webp 01;38;2;204;36;29

.mp4  01;38;2;204;36;29
.mkv  01;38;2;204;36;29
.webm 01;38;2;204;36;29
.mov  01;38;2;204;36;29

.mp3  00;38;2;204;36;29
.flac 00;38;2;204;36;29
.wav  00;38;2;204;36;29
.ogg  00;38;2;204;36;29
.opus 00;38;2;204;36;29

# ===================================================================
# Documents, configs, code
# ===================================================================
.md    00;38;2;235;219;178
.txt   00;38;2;235;219;178
.rst   00;38;2;235;219;178
.log   00;38;2;235;219;178

.json  00;38;2;214;93;14
.yaml  00;38;2;214;93;14
.yml   00;38;2;214;93;14
.toml  00;38;2;214;93;14
.conf  00;38;2;214;93;14

.py    00;38;2;214;93;14
.rs    00;38;2;214;93;14
.ts    00;38;2;214;93;14
.js    00;38;2;214;93;14
.go    00;38;2;214;93;14

.sh    00;38;2;184;187;38
.zsh   00;38;2;184;187;38
.bash  00;38;2;184;187;38

.sql     00;38;2;214;93;14
.csv     00;38;2;214;93;14

.pdf   01;38;2;214;93;14

# ===================================================================
# Temp, backups, partials
# ===================================================================
*~        00;38;2;60;56;54
*#        00;38;2;60;56;54
.bak      00;38;2;60;56;54
.old      00;38;2;60;56;54
.swp      00;38;2;60;56;54
.tmp      00;38;2;60;56;54
