# Generated from kitty.conf

RESET 0

DIR 38;2;157;101;255
LINK 38;2;152;224;36
SOCK 01;38;2;244;0;95
FIFO 38;2;253;151;31
EXEC 01;38;2;244;0;95
BLK 38;2;253;151;31
CHR 38;2;88;209;235
ORPH 01;38;2;244;0;95
MISSING 01;38;2;244;0;95

.tar  01;38;2;253;151;31
.tgz  01;38;2;253;151;31
.zip  01;38;2;253;151;31
.rar  01;38;2;253;151;31
.7z   01;38;2;253;151;31
.gz   01;38;2;253;151;31

.jpg  38;2;157;101;255
.jpeg 38;2;157;101;255
.png  38;2;157;101;255
.gif  38;2;157;101;255
.svg  38;2;157;101;255

.mp3  38;2;152;224;36
.flac 38;2;152;224;36
.mp4 38;2;152;224;36
.mkv 38;2;152;224;36
.webm 38;2;152;224;36

.pdf  38;2;255;255;255
.doc  38;2;255;255;255
.docx 38;2;255;255;255
.odt  38;2;255;255;255
.txt  38;2;98;94;76
.md   38;2;98;94;76
