# Generated from kitty.conf

RESET 0

DIR 38;2;113;156;214
LINK 38;2;129;178;154
SOCK 01;38;2;201;79;109
FIFO 38;2;219;192;116
EXEC 01;38;2;201;79;109
BLK 38;2;219;192;116
CHR 38;2;99;205;207
ORPH 01;38;2;201;79;109
MISSING 01;38;2;201;79;109

.tar  01;38;2;219;192;116
.tgz  01;38;2;219;192;116
.zip  01;38;2;219;192;116
.rar  01;38;2;219;192;116
.7z   01;38;2;219;192;116
.gz   01;38;2;219;192;116

.jpg  38;2;113;156;214
.jpeg 38;2;113;156;214
.png  38;2;113;156;214
.gif  38;2;113;156;214
.svg  38;2;113;156;214

.mp3  38;2;129;178;154
.flac 38;2;129;178;154
.mp4 38;2;129;178;154
.mkv 38;2;129;178;154
.webm 38;2;129;178;154

.pdf  38;2;244;162;97
.doc  38;2;244;162;97
.docx 38;2;244;162;97
.odt  38;2;244;162;97
.txt  38;2;87;88;96
.md   38;2;87;88;96
