# Generated from kitty.conf

RESET 0

DIR 38;2;86;148;159
LINK 38;2;40;105;131
SOCK 01;38;2;180;99;122
FIFO 38;2;234;157;52
EXEC 01;38;2;180;99;122
BLK 38;2;234;157;52
CHR 38;2;215;130;126
ORPH 01;38;2;180;99;122
MISSING 01;38;2;180;99;122

.tar  01;38;2;234;157;52
.tgz  01;38;2;234;157;52
.zip  01;38;2;234;157;52
.rar  01;38;2;234;157;52
.7z   01;38;2;234;157;52
.gz   01;38;2;234;157;52

.jpg  38;2;86;148;159
.jpeg 38;2;86;148;159
.png  38;2;86;148;159
.gif  38;2;86;148;159
.svg  38;2;86;148;159

.mp3  38;2;40;105;131
.flac 38;2;40;105;131
.mp4 38;2;40;105;131
.mkv 38;2;40;105;131
.webm 38;2;40;105;131

.pdf  38;2;255;255;255
.doc  38;2;255;255;255
.docx 38;2;255;255;255
.odt  38;2;255;255;255
.txt  38;2;152;147;165
.md   38;2;152;147;165
