# Generated from kitty.conf

RESET 0

DIR 38;2;51;177;255
LINK 38;2;66;190;101
SOCK 01;38;2;238;83;150
FIFO 38;2;130;207;255
EXEC 01;38;2;238;83;150
BLK 38;2;130;207;255
CHR 38;2;61;219;217
ORPH 01;38;2;238;83;150
MISSING 01;38;2;238;83;150

.tar  01;38;2;130;207;255
.tgz  01;38;2;130;207;255
.zip  01;38;2;130;207;255
.rar  01;38;2;130;207;255
.7z   01;38;2;130;207;255
.gz   01;38;2;130;207;255

.jpg  38;2;51;177;255
.jpeg 38;2;51;177;255
.png  38;2;51;177;255
.gif  38;2;51;177;255
.svg  38;2;51;177;255

.mp3  38;2;66;190;101
.flac 38;2;66;190;101
.mp4 38;2;66;190;101
.mkv 38;2;66;190;101
.webm 38;2;66;190;101

.pdf  38;2;255;255;255
.doc  38;2;255;255;255
.docx 38;2;255;255;255
.odt  38;2;255;255;255
.txt  38;2;57;57;57
.md   38;2;57;57;57
