# Generated from kitty.conf

RESET 0

DIR 38;2;69;133;136
LINK 38;2;169;182;101
SOCK 01;38;2;234;105;98
FIFO 38;2;216;166;87
EXEC 01;38;2;234;105;98
BLK 38;2;216;166;87
CHR 38;2;137;180;130
ORPH 01;38;2;234;105;98
MISSING 01;38;2;234;105;98

.tar  01;38;2;216;166;87
.tgz  01;38;2;216;166;87
.zip  01;38;2;216;166;87
.rar  01;38;2;216;166;87
.7z   01;38;2;216;166;87
.gz   01;38;2;216;166;87

.jpg  38;2;69;133;136
.jpeg 38;2;69;133;136
.png  38;2;69;133;136
.gif  38;2;69;133;136
.svg  38;2;69;133;136

.mp3  38;2;169;182;101
.flac 38;2;169;182;101
.mp4 38;2;169;182;101
.mkv 38;2;169;182;101
.webm 38;2;169;182;101

.pdf  38;2;255;255;255
.doc  38;2;255;255;255
.docx 38;2;255;255;255
.odt  38;2;255;255;255
.txt  38;2;110;106;104
.md   38;2;110;106;104
