# Generated from kitty.conf

RESET 0

DIR 38;2;69;133;136
LINK 38;2;152;151;26
SOCK 01;38;2;204;36;29
FIFO 38;2;215;153;33
EXEC 01;38;2;204;36;29
BLK 38;2;215;153;33
CHR 38;2;104;157;106
ORPH 01;38;2;204;36;29
MISSING 01;38;2;204;36;29

.tar  01;38;2;215;153;33
.tgz  01;38;2;215;153;33
.zip  01;38;2;215;153;33
.rar  01;38;2;215;153;33
.7z   01;38;2;215;153;33
.gz   01;38;2;215;153;33

.jpg  38;2;69;133;136
.jpeg 38;2;69;133;136
.png  38;2;69;133;136
.gif  38;2;69;133;136
.svg  38;2;69;133;136

.mp3  38;2;152;151;26
.flac 38;2;152;151;26
.mp4 38;2;152;151;26
.mkv 38;2;152;151;26
.webm 38;2;152;151;26

.pdf  38;2;255;255;255
.doc  38;2;255;255;255
.docx 38;2;255;255;255
.odt  38;2;255;255;255
.txt  38;2;146;131;116
.md   38;2;146;131;116
