
RESET 0

DIR 38;2;69;133;136
LINK 38;2;104;157;106
SOCK 01;38;2;204;36;29
FIFO 38;2;250;189;47
EXEC 01;38;2;251;73;52
BLK 38;2;250;189;47
CHR 38;2;142;192;124
ORPH 01;38;2;204;36;29
MISSING 01;38;2;204;36;29

.tar  01;38;2;250;189;47
.tgz  01;38;2;250;189;47
.zip  01;38;2;250;189;47
.rar  01;38;2;250;189;47
.7z   01;38;2;250;189;47
.gz   01;38;2;250;189;47

.jpg  38;2;69;133;136
.jpeg 38;2;69;133;136
.png  38;2;69;133;136
.gif  38;2;69;133;136
.svg  38;2;69;133;136

.mp3  38;2;104;157;106
.flac 38;2;104;157;106
.mp4 38;2;104;157;106
.mkv 38;2;104;157;106
.webm 38;2;104;157;106

.pdf  38;2;215;153;33
.doc  38;2;215;153;33
.docx 38;2;215;153;33
.odt  38;2;215;153;33
.txt  38;2;168;153;132
.md   38;2;168;153;132
