# Kanagawa Dragon Theme for dircolors
# Generated from kitty.conf

RESET 0

DIR 38;2;217;165;108
LINK 38;2;242;155;154
SOCK 01;38;2;232;95;111
FIFO 38;2;212;168;130
EXEC 01;38;2;232;95;111
BLK 38;2;212;168;130
CHR 38;2;232;192;153
ORPH 01;38;2;232;95;111
MISSING 01;38;2;232;95;111

.tar  01;38;2;212;168;130
.tgz  01;38;2;212;168;130
.zip  01;38;2;212;168;130
.rar  01;38;2;212;168;130
.7z   01;38;2;212;168;130
.gz   01;38;2;212;168;130

.jpg  38;2;217;165;108
.jpeg 38;2;217;165;108
.png  38;2;217;165;108
.gif  38;2;217;165;108
.svg  38;2;217;165;108

.mp3  38;2;242;155;154
.flac 38;2;242;155;154
.mp4 38;2;242;155;154
.mkv 38;2;242;155;154
.webm 38;2;242;155;154

.pdf  38;2;240;234;237
.doc  38;2;240;234;237
.docx 38;2;240;234;237
.odt  38;2;240;234;237
.txt  38;2;74;60;69
.md   38;2;74;60;69
