# Generated from kitty.conf

RESET 0

DIR 38;2;188;170;164
LINK 38;2;215;204;200
SOCK 01;38;2;188;170;164
FIFO 38;2;215;204;200
EXEC 01;38;2;188;170;164
BLK 38;2;215;204;200
CHR 38;2;109;76;65
ORPH 01;38;2;188;170;164
MISSING 01;38;2;188;170;164

.tar  01;38;2;215;204;200
.tgz  01;38;2;215;204;200
.zip  01;38;2;215;204;200
.rar  01;38;2;215;204;200
.7z   01;38;2;215;204;200
.gz   01;38;2;215;204;200

.jpg  38;2;188;170;164
.jpeg 38;2;188;170;164
.png  38;2;188;170;164
.gif  38;2;188;170;164
.svg  38;2;188;170;164

.mp3  38;2;215;204;200
.flac 38;2;215;204;200
.mp4 38;2;215;204;200
.mkv 38;2;215;204;200
.webm 38;2;215;204;200

.pdf  38;2;255;255;255
.doc  38;2;255;255;255
.docx 38;2;255;255;255
.odt  38;2;255;255;255
.txt  38;2;62;39;35
.md   38;2;62;39;35
