RESET 0
DIR 38;2;137;180;250
LINK 38;2;166;227;161
SOCK 01;38;2;245;194;231
FIFO 38;2;250;179;135
EXEC 01;38;2;243;139;168
BLK 38;2;250;179;135
CHR 38;2;137;220;235
ORPH 01;38;2;243;139;168
MISSING 01;38;2;243;139;168
.tar 01;38;2;250;179;135
.tgz 01;38;2;250;179;135
.zip 01;38;2;250;179;135
.rar 01;38;2;250;179;135
.7z 01;38;2;250;179;135
.gz 01;38;2;250;179;135
.jpg 38;2;137;180;250
.jpeg 38;2;137;180;250
.png 38;2;137;180;250
.gif 38;2;137;180;250
.svg 38;2;137;180;250
.mp3 38;2;166;227;161
.flac 38;2;166;227;161
.mp4 38;2;166;227;161
.mkv 38;2;166;227;161
.webm 38;2;166;227;161
.pdf 38;2;249;226;175
.doc 38;2;249;226;175
.docx 38;2;249;226;175
.odt 38;2;249;226;175
.txt 38;2;205;214;244
.md 38;2;205;214;244