
RESET 0

DIR 38;2;89;180;250
LINK 38;2;149;206;238
SOCK 01;38;2;243;138;168
FIFO 38;2;250;146;175
EXEC 01;38;2;245;194;231
BLK 38;2;250;146;175
CHR 38;2;148;226;213
ORPH 01;38;2;245;194;231
MISSING 01;38;2;245;194;231

.tar  01;38;2;250;146;175
.tgz  01;38;2;250;146;175
.zip  01;38;2;250;146;175
.rar  01;38;2;250;146;175
.7z   01;38;2;250;146;175
.gz   01;38;2;250;146;175

.jpg  38;2;89;180;250
.jpeg 38;2;89;180;250
.png  38;2;89;180;250
.gif  38;2;89;180;250
.svg  38;2;89;180;250

.mp3  38;2;149;206;238
.flac 38;2;149;206;238
.mp4 38;2;149;206;238
.mkv 38;2;149;206;238
.webm 38;2;149;206;238

.pdf  38;2;249;226;175
.doc  38;2;249;226;175
.docx 38;2;249;226;175
.odt  38;2;249;226;175
.txt  38;2;205;214;244
.md   38;2;205;214;244
