# Generated from kitty.conf

RESET 0

DIR 38;2;137;180;250
LINK 38;2;166;227;161
SOCK 01;38;2;243;139;168
FIFO 38;2;249;226;175
EXEC 01;38;2;243;139;168
BLK 38;2;249;226;175
CHR 38;2;148;226;213
ORPH 01;38;2;243;139;168
MISSING 01;38;2;243;139;168

.tar  01;38;2;249;226;175
.tgz  01;38;2;249;226;175
.zip  01;38;2;249;226;175
.rar  01;38;2;249;226;175
.7z   01;38;2;249;226;175
.gz   01;38;2;249;226;175

.jpg  38;2;137;180;250
.jpeg 38;2;137;180;250
.png  38;2;137;180;250
.gif  38;2;137;180;250
.svg  38;2;137;180;250

.mp3  38;2;166;227;161
.flac 38;2;166;227;161
.mp4 38;2;166;227;161
.mkv 38;2;166;227;161
.webm 38;2;166;227;161

.pdf  38;2;255;255;255
.doc  38;2;255;255;255
.docx 38;2;255;255;255
.odt  38;2;255;255;255
.txt  38;2;88;91;112
.md   38;2;88;91;112
