# Generated from kitty.conf

RESET 0

DIR 38;2;67;133;190
LINK 38;2;135;154;57
SOCK 01;38;2;209;77;65
FIFO 38;2;208;162;21
EXEC 01;38;2;209;77;65
BLK 38;2;208;162;21
CHR 38;2;58;169;159
ORPH 01;38;2;209;77;65
MISSING 01;38;2;209;77;65

.tar  01;38;2;208;162;21
.tgz  01;38;2;208;162;21
.zip  01;38;2;208;162;21
.rar  01;38;2;208;162;21
.7z   01;38;2;208;162;21
.gz   01;38;2;208;162;21

.jpg  38;2;67;133;190
.jpeg 38;2;67;133;190
.png  38;2;67;133;190
.gif  38;2;67;133;190
.svg  38;2;67;133;190

.mp3  38;2;135;154;57
.flac 38;2;135;154;57
.mp4 38;2;135;154;57
.mkv 38;2;135;154;57
.webm 38;2;135;154;57

.pdf  38;2;255;255;255
.doc  38;2;255;255;255
.docx 38;2;255;255;255
.odt  38;2;255;255;255
.txt  38;2;111;110;105
.md   38;2;111;110;105
