
RESET 0
DIR 38;2;30;102;245
LINK 38;2;4;165;229
SOCK 01;38;2;136;57;239
FIFO 38;2;223;142;29
EXEC 01;38;2;210;15;57
BLK 38;2;223;142;29
CHR 38;2;64;160;43
ORPH 01;38;2;210;15;57
MISSING 01;38;2;210;15;57
.tar 01;38;2;223;142;29
.tgz 01;38;2;223;142;29
.zip 01;38;2;223;142;29
.rar 01;38;2;223;142;29
.7z 01;38;2;223;142;29
.gz 01;38;2;223;142;29
.jpg 38;2;30;102;245
.jpeg 38;2;30;102;245
.png 38;2;30;102;245
.gif 38;2;30;102;245
.svg 38;2;30;102;245
.mp3 38;2;4;165;229
.flac 38;2;4;165;229
.mp4 38;2;4;165;229
.mkv 38;2;4;165;229
.webm 38;2;4;165;229
.pdf 38;2;223;142;29
.doc 38;2;223;142;29
.docx 38;2;223;142;29
.odt 38;2;223;142;29
.txt 38;2;76;79;105
.md 38;2;76;79;105
