# Generated from kitty.conf

RESET 0

DIR 38;2;111;184;227
LINK 38;2;94;149;188
SOCK 01;38;2;77;134;176
FIFO 38;2;111;164;201
EXEC 01;38;2;77;134;176
BLK 38;2;111;164;201
CHR 38;2;180;228;246
ORPH 01;38;2;77;134;176
MISSING 01;38;2;77;134;176

.tar  01;38;2;111;164;201
.tgz  01;38;2;111;164;201
.zip  01;38;2;111;164;201
.rar  01;38;2;111;164;201
.7z   01;38;2;111;164;201
.gz   01;38;2;111;164;201

.jpg  38;2;111;184;227
.jpeg 38;2;111;184;227
.png  38;2;111;184;227
.gif  38;2;111;184;227
.svg  38;2;111;184;227

.mp3  38;2;94;149;188
.flac 38;2;94;149;188
.mp4 38;2;94;149;188
.mkv 38;2;94;149;188
.webm 38;2;94;149;188

.pdf  38;2;255;255;255
.doc  38;2;255;255;255
.docx 38;2;255;255;255
.odt  38;2;255;255;255
.txt  38;2;48;72;96
.md   38;2;48;72;96
