# Generated from kitty.conf

RESET 0

DIR 38;2;243;141;112
LINK 38;2;173;218;120
SOCK 01;38;2;253;104;131
FIFO 38;2;249;204;108
EXEC 01;38;2;253;104;131
BLK 38;2;249;204;108
CHR 38;2;133;218;204
ORPH 01;38;2;253;104;131
MISSING 01;38;2;253;104;131

.tar  01;38;2;249;204;108
.tgz  01;38;2;249;204;108
.zip  01;38;2;249;204;108
.rar  01;38;2;249;204;108
.7z   01;38;2;249;204;108
.gz   01;38;2;249;204;108

.jpg  38;2;243;141;112
.jpeg 38;2;243;141;112
.png  38;2;243;141;112
.gif  38;2;243;141;112
.svg  38;2;243;141;112

.mp3  38;2;173;218;120
.flac 38;2;173;218;120
.mp4 38;2;173;218;120
.mkv 38;2;173;218;120
.webm 38;2;173;218;120

.pdf  38;2;255;255;255
.doc  38;2;255;255;255
.docx 38;2;255;255;255
.odt  38;2;255;255;255
.txt  38;2;148;138;139
.md   38;2;148;138;139
