# Generated from kitty.conf

RESET 0

DIR 38;2;32;94;166
LINK 38;2;102;128;11
SOCK 01;38;2;175;48;41
FIFO 38;2;173;131;1
EXEC 01;38;2;175;48;41
BLK 38;2;173;131;1
CHR 38;2;36;131;123
ORPH 01;38;2;175;48;41
MISSING 01;38;2;175;48;41

.tar  01;38;2;173;131;1
.tgz  01;38;2;173;131;1
.zip  01;38;2;173;131;1
.rar  01;38;2;173;131;1
.7z   01;38;2;173;131;1
.gz   01;38;2;173;131;1

.jpg  38;2;32;94;166
.jpeg 38;2;32;94;166
.png  38;2;32;94;166
.gif  38;2;32;94;166
.svg  38;2;32;94;166

.mp3  38;2;102;128;11
.flac 38;2;102;128;11
.mp4 38;2;102;128;11
.mkv 38;2;102;128;11
.webm 38;2;102;128;11

.pdf  38;2;255;255;255
.doc  38;2;255;255;255
.docx 38;2;255;255;255
.odt  38;2;255;255;255
.txt  38;2;111;110;105
.md   38;2;111;110;105
