# Generated from kitty.conf

RESET 0

DIR 38;2;120;130;75
LINK 38;2;95;135;95
SOCK 01;38;2;104;87;66
FIFO 38;2;179;109;67
EXEC 01;38;2;104;87;66
BLK 38;2;179;109;67
CHR 38;2;201;165;84
ORPH 01;38;2;104;87;66
MISSING 01;38;2;104;87;66

.tar  01;38;2;179;109;67
.tgz  01;38;2;179;109;67
.zip  01;38;2;179;109;67
.rar  01;38;2;179;109;67
.7z   01;38;2;179;109;67
.gz   01;38;2;179;109;67

.jpg  38;2;120;130;75
.jpeg 38;2;120;130;75
.png  38;2;120;130;75
.gif  38;2;120;130;75
.svg  38;2;120;130;75

.mp3  38;2;95;135;95
.flac 38;2;95;135;95
.mp4 38;2;95;135;95
.mkv 38;2;95;135;95
.webm 38;2;95;135;95

.pdf  38;2;255;255;255
.doc  38;2;255;255;255
.docx 38;2;255;255;255
.odt  38;2;255;255;255
.txt  38;2;102;102;102
.md   38;2;102;102;102
