# Generated from kitty.conf

RESET 0

DIR 38;2;151;166;187
LINK 38;2;102;126;140
SOCK 01;38;2;110;123;145
FIFO 38;2;126;150;165
EXEC 01;38;2;110;123;145
BLK 38;2;126;150;165
CHR 38;2;134;160;173
ORPH 01;38;2;110;123;145
MISSING 01;38;2;110;123;145

.tar  01;38;2;126;150;165
.tgz  01;38;2;126;150;165
.zip  01;38;2;126;150;165
.rar  01;38;2;126;150;165
.7z   01;38;2;126;150;165
.gz   01;38;2;126;150;165

.jpg  38;2;151;166;187
.jpeg 38;2;151;166;187
.png  38;2;151;166;187
.gif  38;2;151;166;187
.svg  38;2;151;166;187

.mp3  38;2;102;126;140
.flac 38;2;102;126;140
.mp4 38;2;102;126;140
.mkv 38;2;102;126;140
.webm 38;2;102;126;140

.pdf  38;2;255;255;255
.doc  38;2;255;255;255
.docx 38;2;255;255;255
.odt  38;2;255;255;255
.txt  38;2;99;102;108
.md   38;2;99;102;108
