# Generated from kitty.conf

RESET 0

DIR 38;2;126;156;216
LINK 38;2;118;148;106
SOCK 01;38;2;195;64;67
FIFO 38;2;192;163;110
EXEC 01;38;2;195;64;67
BLK 38;2;192;163;110
CHR 38;2;106;149;137
ORPH 01;38;2;195;64;67
MISSING 01;38;2;195;64;67

.tar  01;38;2;192;163;110
.tgz  01;38;2;192;163;110
.zip  01;38;2;192;163;110
.rar  01;38;2;192;163;110
.7z   01;38;2;192;163;110
.gz   01;38;2;192;163;110

.jpg  38;2;126;156;216
.jpeg 38;2;126;156;216
.png  38;2;126;156;216
.gif  38;2;126;156;216
.svg  38;2;126;156;216

.mp3  38;2;118;148;106
.flac 38;2;118;148;106
.mp4 38;2;118;148;106
.mkv 38;2;118;148;106
.webm 38;2;118;148;106

.pdf  38;2;255;160;102
.doc  38;2;255;160;102
.docx 38;2;255;160;102
.odt  38;2;255;160;102
.txt  38;2;114;113;105
.md   38;2;114;113;105
