
RESET 0

DIR 38;2;235;188;186
LINK 38;2;156;207;216
SOCK 01;38;2;245;169;127
FIFO 38;2;245;169;127
EXEC 01;38;2;235;111;146
BLK 38;2;245;169;127
CHR 38;2;156;207;216
ORPH 01;38;2;235;111;146
MISSING 01;38;2;235;111;146

.tar 01;38;2;245;169;127
.tgz 01;38;2;245;169;127
.zip 01;38;2;245;169;127
.rar 01;38;2;245;169;127
.7z  01;38;2;245;169;127
.gz  01;38;2;245;169;127

.jpg  38;2;156;207;216
.jpeg 38;2;156;207;216
.png  38;2;156;207;216
.gif  38;2;156;207;216
.svg  38;2;156;207;216

.mp3  38;2;156;207;216
.flac 38;2;156;207;216
.mp4  38;2;156;207;216
.mkv  38;2;156;207;216
.webm 38;2;156;207;216

.pdf  38;2;246;193;119
.doc  38;2;246;193;119
.docx 38;2;246;193;119
.odt  38;2;246;193;119
.txt  38;2;224;222;244
.md   38;2;224;222;244
