# Generated from kitty.conf

RESET 0

DIR 38;2;181;151;144
LINK 38;2;135;169;176
SOCK 01;38;2;195;139;123
FIFO 38;2;107;94;115
EXEC 01;38;2;195;139;123
BLK 38;2;107;94;115
CHR 38;2;165;160;182
ORPH 01;38;2;195;139;123
MISSING 01;38;2;195;139;123

.tar  01;38;2;107;94;115
.tgz  01;38;2;107;94;115
.zip  01;38;2;107;94;115
.rar  01;38;2;107;94;115
.7z   01;38;2;107;94;115
.gz   01;38;2;107;94;115

.jpg  38;2;181;151;144
.jpeg 38;2;181;151;144
.png  38;2;181;151;144
.gif  38;2;181;151;144
.svg  38;2;181;151;144

.mp3  38;2;135;169;176
.flac 38;2;135;169;176
.mp4 38;2;135;169;176
.mkv 38;2;135;169;176
.webm 38;2;135;169;176

.pdf  38;2;255;255;255
.doc  38;2;255;255;255
.docx 38;2;255;255;255
.odt  38;2;255;255;255
.txt  38;2;88;78;81
.md   38;2;88;78;81
