# Kanagawa Dragon Theme for dircolors
# Generated from kitty.conf

RESET 0

DIR 38;2;139;164;176
LINK 38;2;138;154;123
SOCK 01;38;2;196;116;110
FIFO 38;2;196;178;138
EXEC 01;38;2;196;116;110
BLK 38;2;196;178;138
CHR 38;2;142;164;162
ORPH 01;38;2;196;116;110
MISSING 01;38;2;196;116;110

.tar  01;38;2;196;178;138
.tgz  01;38;2;196;178;138
.zip  01;38;2;196;178;138
.rar  01;38;2;196;178;138
.7z   01;38;2;196;178;138
.gz   01;38;2;196;178;138

.jpg  38;2;139;164;176
.jpeg 38;2;139;164;176
.png  38;2;139;164;176
.gif  38;2;139;164;176
.svg  38;2;139;164;176

.mp3  38;2;138;154;123
.flac 38;2;138;154;123
.mp4 38;2;138;154;123
.mkv 38;2;138;154;123
.webm 38;2;138;154;123

.pdf  38;2;182;146;123
.doc  38;2;182;146;123
.docx 38;2;182;146;123
.odt  38;2;182;146;123
.txt  38;2;166;166;156
.md   38;2;166;166;156
