# Generated from kitty.conf

RESET 0

DIR 38;2;121;129;134
LINK 38;2;159;165;169
SOCK 01;38;2;86;93;96
FIFO 38;2;217;219;220
EXEC 01;38;2;86;93;96
BLK 38;2;217;219;220
CHR 38;2;112;112;112
ORPH 01;38;2;86;93;96
MISSING 01;38;2;86;93;96

.tar  01;38;2;217;219;220
.tgz  01;38;2;217;219;220
.zip  01;38;2;217;219;220
.rar  01;38;2;217;219;220
.7z   01;38;2;217;219;220
.gz   01;38;2;217;219;220

.jpg  38;2;121;129;134
.jpeg 38;2;121;129;134
.png  38;2;121;129;134
.gif  38;2;121;129;134
.svg  38;2;121;129;134

.mp3  38;2;159;165;169
.flac 38;2;159;165;169
.mp4 38;2;159;165;169
.mkv 38;2;159;165;169
.webm 38;2;159;165;169

.pdf  38;2;255;255;255
.doc  38;2;255;255;255
.docx 38;2;255;255;255
.odt  38;2;255;255;255
.txt  38;2;75;78;85
.md   38;2;75;78;85
