# Generated from kitty.conf

RESET 0

DIR 38;2;80;148;117
LINK 38;2;84;158;106
SOCK 01;38;2;255;83;69
FIFO 38;2;69;148;81
EXEC 01;38;2;255;83;69
BLK 38;2;69;148;81
CHR 38;2;45;213;183
ORPH 01;38;2;255;83;69
MISSING 01;38;2;255;83;69

.tar  01;38;2;69;148;81
.tgz  01;38;2;69;148;81
.zip  01;38;2;69;148;81
.rar  01;38;2;69;148;81
.7z   01;38;2;69;148;81
.gz   01;38;2;69;148;81

.jpg  38;2;80;148;117
.jpeg 38;2;80;148;117
.png  38;2;80;148;117
.gif  38;2;80;148;117
.svg  38;2;80;148;117

.mp3  38;2;84;158;106
.flac 38;2;84;158;106
.mp4 38;2;84;158;106
.mkv 38;2;84;158;106
.webm 38;2;84;158;106

.pdf  38;2;255;255;255
.doc  38;2;255;255;255
.docx 38;2;255;255;255
.odt  38;2;255;255;255
.txt  38;2;83;104;91
.md   38;2;83;104;91
