# Generated from kitty.conf

RESET 0

DIR 38;2;110;148;178
LINK 38;2;127;165;99
SOCK 01;38;2;216;100;126
FIFO 38;2;243;190;124
EXEC 01;38;2;216;100;126
BLK 38;2;243;190;124
CHR 38;2;126;152;232
ORPH 01;38;2;216;100;126
MISSING 01;38;2;216;100;126

.tar  01;38;2;243;190;124
.tgz  01;38;2;243;190;124
.zip  01;38;2;243;190;124
.rar  01;38;2;243;190;124
.7z   01;38;2;243;190;124
.gz   01;38;2;243;190;124

.jpg  38;2;110;148;178
.jpeg 38;2;110;148;178
.png  38;2;110;148;178
.gif  38;2;110;148;178
.svg  38;2;110;148;178

.mp3  38;2;127;165;99
.flac 38;2;127;165;99
.mp4 38;2;127;165;99
.mkv 38;2;127;165;99
.webm 38;2;127;165;99

.pdf  38;2;255;255;255
.doc  38;2;255;255;255
.docx 38;2;255;255;255
.odt  38;2;255;255;255
.txt  38;2;96;96;121
.md   38;2;96;96;121
