# Generated from kitty.conf

RESET 0

DIR 38;2;122;162;247
LINK 38;2;158;206;106
SOCK 01;38;2;247;118;142
FIFO 38;2;224;175;104
EXEC 01;38;2;247;118;142
BLK 38;2;224;175;104
CHR 38;2;125;207;255
ORPH 01;38;2;247;118;142
MISSING 01;38;2;247;118;142

.tar  01;38;2;224;175;104
.tgz  01;38;2;224;175;104
.zip  01;38;2;224;175;104
.rar  01;38;2;224;175;104
.7z   01;38;2;224;175;104
.gz   01;38;2;224;175;104

.jpg  38;2;122;162;247
.jpeg 38;2;122;162;247
.png  38;2;122;162;247
.gif  38;2;122;162;247
.svg  38;2;122;162;247

.mp3  38;2;158;206;106
.flac 38;2;158;206;106
.mp4 38;2;158;206;106
.mkv 38;2;158;206;106
.webm 38;2;158;206;106

.pdf  38;2;255;255;255
.doc  38;2;255;255;255
.docx 38;2;255;255;255
.odt  38;2;255;255;255
.txt  38;2;65;72;104
.md   38;2;65;72;104
