# Generated from kitty.conf

RESET 0

DIR 38;2;250;169;104
LINK 38;2;2;131;145
SOCK 01;38;2;248;85;37
FIFO 38;2;233;123;60
EXEC 01;38;2;248;85;37
BLK 38;2;233;123;60
CHR 38;2;140;191;184
ORPH 01;38;2;248;85;37
MISSING 01;38;2;248;85;37

.tar  01;38;2;233;123;60
.tgz  01;38;2;233;123;60
.zip  01;38;2;233;123;60
.rar  01;38;2;233;123;60
.7z   01;38;2;233;123;60
.gz   01;38;2;233;123;60

.jpg  38;2;250;169;104
.jpeg 38;2;250;169;104
.png  38;2;250;169;104
.gif  38;2;250;169;104
.svg  38;2;250;169;104

.mp3  38;2;2;131;145
.flac 38;2;2;131;145
.mp4 38;2;2;131;145
.mkv 38;2;2;131;145
.webm 38;2;2;131;145

.pdf  38;2;255;255;255
.doc  38;2;255;255;255
.docx 38;2;255;255;255
.odt  38;2;255;255;255
.txt  38;2;19;78;90
.md   38;2;19;78;90
