# Generated from kitty.conf

RESET 0

DIR 38;2;122;176;223
LINK 38;2;121;220;170
SOCK 01;38;2;248;112;112
FIFO 38;2;255;225;107
EXEC 01;38;2;248;112;112
BLK 38;2;255;225;107
CHR 38;2;112;192;186
ORPH 01;38;2;248;112;112
MISSING 01;38;2;248;112;112

.tar  01;38;2;255;225;107
.tgz  01;38;2;255;225;107
.zip  01;38;2;255;225;107
.rar  01;38;2;255;225;107
.7z   01;38;2;255;225;107
.gz   01;38;2;255;225;107

.jpg  38;2;122;176;223
.jpeg 38;2;122;176;223
.png  38;2;122;176;223
.gif  38;2;122;176;223
.svg  38;2;122;176;223

.mp3  38;2;121;220;170
.flac 38;2;121;220;170
.mp4 38;2;121;220;170
.mkv 38;2;121;220;170
.webm 38;2;121;220;170

.pdf  38;2;255;225;107
.doc  38;2;255;225;107
.docx 38;2;255;225;107
.odt  38;2;255;225;107
.txt  38;2;77;77;77
.md   38;2;77;77;77
