# Generated from kitty.conf

RESET 0

DIR 38;2;169;161;225
LINK 38;2;152;190;101
SOCK 01;38;2;255;108;107
FIFO 38;2;236;190;123
EXEC 01;38;2;255;108;107
BLK 38;2;236;190;123
CHR 38;2;81;175;239
ORPH 01;38;2;255;108;107
MISSING 01;38;2;255;108;107

.tar  01;38;2;236;190;123
.tgz  01;38;2;236;190;123
.zip  01;38;2;236;190;123
.rar  01;38;2;236;190;123
.7z   01;38;2;236;190;123
.gz   01;38;2;236;190;123

.jpg  38;2;169;161;225
.jpeg 38;2;169;161;225
.png  38;2;169;161;225
.gif  38;2;169;161;225
.svg  38;2;169;161;225

.mp3  38;2;152;190;101
.flac 38;2;152;190;101
.mp4 38;2;152;190;101
.mkv 38;2;152;190;101
.webm 38;2;152;190;101

.pdf  38;2;255;255;255
.doc  38;2;255;255;255
.docx 38;2;255;255;255
.odt  38;2;255;255;255
.txt  38;2;89;89;89
.md   38;2;89;89;89
