# Generated from kitty.conf

RESET 0

DIR 38;2;189;147;249
LINK 38;2;80;250;123
SOCK 01;38;2;255;85;85
FIFO 38;2;241;250;140
EXEC 01;38;2;255;85;85
BLK 38;2;241;250;140
CHR 38;2;139;233;253
ORPH 01;38;2;255;85;85
MISSING 01;38;2;255;85;85

.tar  01;38;2;241;250;140
.tgz  01;38;2;241;250;140
.zip  01;38;2;241;250;140
.rar  01;38;2;241;250;140
.7z   01;38;2;241;250;140
.gz   01;38;2;241;250;140

.jpg  38;2;189;147;249
.jpeg 38;2;189;147;249
.png  38;2;189;147;249
.gif  38;2;189;147;249
.svg  38;2;189;147;249

.mp3  38;2;80;250;123
.flac 38;2;80;250;123
.mp4 38;2;80;250;123
.mkv 38;2;80;250;123
.webm 38;2;80;250;123

.pdf  38;2;255;255;255
.doc  38;2;255;255;255
.docx 38;2;255;255;255
.odt  38;2;255;255;255
.txt  38;2;98;114;164
.md   38;2;98;114;164
