# Generated from kitty.conf

RESET 0

DIR 38;2;129;161;193
LINK 38;2;163;190;140
SOCK 01;38;2;191;97;106
FIFO 38;2;235;203;139
EXEC 01;38;2;191;97;106
BLK 38;2;235;203;139
CHR 38;2;136;192;208
ORPH 01;38;2;191;97;106
MISSING 01;38;2;191;97;106

.tar  01;38;2;235;203;139
.tgz  01;38;2;235;203;139
.zip  01;38;2;235;203;139
.rar  01;38;2;235;203;139
.7z   01;38;2;235;203;139
.gz   01;38;2;235;203;139

.jpg  38;2;129;161;193
.jpeg 38;2;129;161;193
.png  38;2;129;161;193
.gif  38;2;129;161;193
.svg  38;2;129;161;193

.mp3  38;2;163;190;140
.flac 38;2;163;190;140
.mp4 38;2;163;190;140
.mkv 38;2;163;190;140
.webm 38;2;163;190;140

.pdf  38;2;255;255;255
.doc  38;2;255;255;255
.docx 38;2;255;255;255
.odt  38;2;255;255;255
.txt  38;2;76;86;106
.md   38;2;76;86;106
