# Generated from kitty.conf

RESET 0

DIR 38;2;0;76;241
LINK 38;2;0;89;255
SOCK 01;38;2;192;14;14
FIFO 38;2;26;27;3
EXEC 01;38;2;192;14;14
BLK 38;2;26;27;3
CHR 38;2;2;151;144
ORPH 01;38;2;192;14;14
MISSING 01;38;2;192;14;14

.tar  01;38;2;26;27;3
.tgz  01;38;2;26;27;3
.zip  01;38;2;26;27;3
.rar  01;38;2;26;27;3
.7z   01;38;2;26;27;3
.gz   01;38;2;26;27;3

.jpg  38;2;0;76;241
.jpeg 38;2;0;76;241
.png  38;2;0;76;241
.gif  38;2;0;76;241
.svg  38;2;0;76;241

.mp3  38;2;0;89;255
.flac 38;2;0;89;255
.mp4 38;2;0;89;255
.mkv 38;2;0;89;255
.webm 38;2;0;89;255

.pdf  38;2;255;255;255
.doc  38;2;255;255;255
.docx 38;2;255;255;255
.odt  38;2;255;255;255
.txt  38;2;2;173;241
.md   38;2;2;173;241
