RESET 0
DIR 38;2;143;174;123
LINK 38;2;121;171;158
SOCK 01;38;2;203;166;136
FIFO 38;2;235;203;139
EXEC 01;38;2;217;102;83
BLK 38;2;235;203;139
CHR 38;2;143;174;123
ORPH 01;38;2;217;102;83
MISSING 01;38;2;217;102;83
.tar 01;38;2;235;203;139
.tgz 01;38;2;235;203;139
.zip 01;38;2;235;203;139
.rar 01;38;2;235;203;139
.7z 01;38;2;235;203;139
.gz 01;38;2;235;203;139
.jpg 38;2;143;174;123
.jpeg 38;2;143;174;123
.png 38;2;143;174;123
.gif 38;2;143;174;123
.svg 38;2;143;174;123
.mp3 38;2;121;171;158
.flac 38;2;121;171;158
.mp4 38;2;121;171;158
.mkv 38;2;121;171;158
.webm 38;2;121;171;158
.pdf 38;2;235;203;139
.doc 38;2;235;203;139
.docx 38;2;235;203;139
.odt 38;2;235;203;139
.txt 38;2;230;219;200
.md 38;2;230;219;200