# Generated from kitty.conf

RESET 0

DIR 38;2;141;141;141
LINK 38;2;182;182;182
SOCK 01;38;2;164;164;164
FIFO 38;2;206;206;206
EXEC 01;38;2;164;164;164
BLK 38;2;206;206;206
CHR 38;2;176;176;176
ORPH 01;38;2;164;164;164
MISSING 01;38;2;164;164;164

.tar  01;38;2;206;206;206
.tgz  01;38;2;206;206;206
.zip  01;38;2;206;206;206
.rar  01;38;2;206;206;206
.7z   01;38;2;206;206;206
.gz   01;38;2;206;206;206

.jpg  38;2;141;141;141
.jpeg 38;2;141;141;141
.png  38;2;141;141;141
.gif  38;2;141;141;141
.svg  38;2;141;141;141

.mp3  38;2;182;182;182
.flac 38;2;182;182;182
.mp4 38;2;182;182;182
.mkv 38;2;182;182;182
.webm 38;2;182;182;182

.pdf  38;2;255;255;255
.doc  38;2;255;255;255
.docx 38;2;255;255;255
.odt  38;2;255;255;255
.txt  38;2;92;92;92
.md   38;2;92;92;92
