# Generated from kitty.conf

RESET 0

DIR 38;2;125;130;217
LINK 38;2;146;165;147
SOCK 01;38;2;237;91;90
FIFO 38;2;233;187;79
EXEC 01;38;2;237;91;90
BLK 38;2;233;187;79
CHR 38;2;163;191;209
ORPH 01;38;2;237;91;90
MISSING 01;38;2;237;91;90

.tar  01;38;2;233;187;79
.tgz  01;38;2;233;187;79
.zip  01;38;2;233;187;79
.rar  01;38;2;233;187;79
.7z   01;38;2;233;187;79
.gz   01;38;2;233;187;79

.jpg  38;2;125;130;217
.jpeg 38;2;125;130;217
.png  38;2;125;130;217
.gif  38;2;125;130;217
.svg  38;2;125;130;217

.mp3  38;2;146;165;147
.flac 38;2;146;165;147
.mp4 38;2;146;165;147
.mkv 38;2;146;165;147
.webm 38;2;146;165;147

.pdf  38;2;255;255;255
.doc  38;2;255;255;255
.docx 38;2;255;255;255
.odt  38;2;255;255;255
.txt  38;2;109;125;182
.md   38;2;109;125;182
