# Generated from kitty.conf

RESET 0

DIR 38;2;156;207;216
LINK 38;2;49;116;143
SOCK 01;38;2;235;111;146
FIFO 38;2;246;193;119
EXEC 01;38;2;235;111;146
BLK 38;2;246;193;119
CHR 38;2;235;188;186
ORPH 01;38;2;235;111;146
MISSING 01;38;2;235;111;146

.tar  01;38;2;246;193;119
.tgz  01;38;2;246;193;119
.zip  01;38;2;246;193;119
.rar  01;38;2;246;193;119
.7z   01;38;2;246;193;119
.gz   01;38;2;246;193;119

.jpg  38;2;156;207;216
.jpeg 38;2;156;207;216
.png  38;2;156;207;216
.gif  38;2;156;207;216
.svg  38;2;156;207;216

.mp3  38;2;49;116;143
.flac 38;2;49;116;143
.mp4 38;2;49;116;143
.mkv 38;2;49;116;143
.webm 38;2;49;116;143

.pdf  38;2;255;255;255
.doc  38;2;255;255;255
.docx 38;2;255;255;255
.odt  38;2;255;255;255
.txt  38;2;110;106;134
.md   38;2;110;106;134
